0 587
0 705
1 762
1 787
1 930
2 91
2 556
2 758
2 827
2 973
3 231
3 738
3 826
3 923
4 13
4 144
4 224
4 391
4 461
4 808
4 853
4 968
4 975
4 997
5 121
5 267
5 384
5 532
5 858
5 940
6 978
7 310
7 322
7 512
7 662
7 807
7 900
7 993
8 49
8 196
8 288
8 346
8 442
8 797
8 800
8 809
8 885
10 120
10 128
10 209
10 542
10 621
11 98
11 120
11 175
11 297
11 617
11 692
11 727
11 849
12 259
12 375
12 418
12 729
12 922
13 288
13 634
13 988
14 75
14 219
14 249
14 618
15 35
15 222
15 315
15 335
15 792
15 825
15 864
16 413
16 694
16 696
16 933
16 966
17 276
17 294
17 516
17 578
17 632
17 649
17 798
17 983
18 466
18 547
18 588
19 22
19 495
19 621
19 836
20 46
20 181
20 500
20 551
20 559
20 824
20 915
20 969
21 231
21 274
21 292
21 352
21 603
21 627
22 122
22 160
22 209
22 807
23 33
23 319
23 665
23 805
23 832
24 353
24 426
24 738
25 579
25 632
26 28
26 318
26 362
26 406
26 426
26 428
26 459
26 844
26 968
27 245
27 273
27 525
27 537
27 643
27 745
28 39
28 132
28 154
28 248
28 256
28 570
28 694
28 765
28 864
29 272
29 486
29 985
30 587
30 605
30 649
30 701
30 861
31 120
31 364
31 700
31 772
31 985
32 526
32 601
32 688
32 719
32 764
32 939
33 310
33 387
33 520
33 683
33 692
34 288
34 791
34 831
35 54
35 77
35 448
35 721
35 749
35 955
36 202
36 399
36 425
36 667
36 793
37 288
37 632
38 42
38 137
38 248
38 264
38 904
39 75
39 371
39 494
39 974
40 297
40 501
40 730
41 88
41 101
41 307
41 850
41 859
41 965
42 256
42 273
42 578
42 687
42 809
42 899
42 952
43 59
44 115
44 227
44 743
44 844
45 295
46 144
46 293
46 345
46 403
46 838
46 909
47 211
47 243
48 301
48 463
48 657
49 281
49 290
49 773
49 992
50 168
50 236
50 385
50 717
50 737
50 762
50 782
50 788
50 849
50 943
51 464
51 828
52 53
52 486
52 501
52 583
53 361
53 484
53 760
54 61
54 86
54 454
54 660
54 705
54 803
55 197
55 890
56 124
56 537
56 626
56 935
57 491
57 528
57 907
58 66
58 293
58 483
58 615
58 733
58 856
59 241
59 471
59 482
59 499
59 612
59 683
59 693
60 267
60 403
60 461
60 670
60 900
61 207
61 351
62 456
62 698
62 800
63 470
63 570
63 983
64 91
64 97
64 141
64 313
64 324
64 389
64 503
64 579
64 719
64 934
64 956
65 106
65 433
65 855
65 995
66 245
66 446
66 478
66 570
66 890
66 897
67 835
68 80
68 132
68 333
68 565
68 646
68 936
69 375
69 701
69 755
69 801
69 914
69 977
70 160
70 439
70 479
70 511
70 533
70 689
70 849
70 988
71 238
71 255
71 440
71 633
71 698
71 700
71 974
72 81
72 117
72 402
72 678
72 761
72 789
72 970
73 397
73 567
73 590
73 682
74 141
74 294
74 333
74 421
74 515
74 640
74 749
74 756
74 772
74 921
75 178
75 252
75 367
75 439
75 614
75 645
75 782
75 886
75 891
75 906
76 357
76 368
76 648
76 780
76 810
76 823
76 993
77 407
77 577
77 878
78 292
78 503
78 633
78 933
79 165
79 447
80 186
80 192
80 320
80 502
80 669
80 686
80 755
80 902
80 944
81 106
81 474
82 97
82 160
82 475
82 530
82 822
82 827
82 961
83 221
83 223
83 284
83 590
83 630
83 631
83 703
84 97
84 308
84 356
84 394
84 558
84 790
84 886
85 155
85 340
86 92
86 244
86 280
86 532
86 623
86 892
87 197
87 347
87 482
87 980
88 135
88 377
88 448
88 496
88 582
89 350
89 559
89 860
90 294
90 565
90 570
90 692
90 748
90 981
91 568
91 670
91 861
92 775
92 980
93 179
93 224
93 547
93 587
93 839
94 184
94 335
94 478
94 502
95 165
95 314
95 792
96 352
96 369
96 777
96 842
96 926
96 934
97 448
97 712
97 820
97 931
98 297
98 748
98 916
99 472
99 490
99 803
99 834
100 142
100 180
100 297
100 974
101 233
101 272
101 315
101 538
101 970
102 208
102 667
102 694
102 846
102 954
103 250
103 274
103 311
104 541
104 647
104 675
104 754
105 166
105 188
105 247
105 440
105 509
105 709
105 750
106 482
106 573
106 793
106 968
106 985
107 278
107 351
107 716
107 734
107 822
108 170
108 447
108 479
108 684
108 693
109 273
109 482
109 558
109 777
109 885
110 355
110 627
110 647
110 679
110 769
110 909
110 957
111 227
111 379
111 516
111 585
111 746
111 783
111 817
112 240
112 247
112 505
112 639
112 943
113 291
113 326
113 398
113 742
113 832
114 269
114 478
114 831
115 204
115 258
115 416
115 491
115 686
115 695
116 305
116 344
116 618
117 201
117 489
117 503
117 575
117 615
117 627
118 177
118 215
118 326
118 454
118 596
118 715
118 838
119 316
119 530
119 708
120 137
120 247
120 649
120 702
120 744
121 220
121 384
121 521
121 609
121 704
122 178
122 589
122 723
122 826
122 943
123 222
123 694
123 954
123 983
124 367
124 529
124 969
125 201
125 206
125 566
125 657
125 661
125 936
126 278
126 409
126 560
126 781
127 398
127 736
128 147
128 545
128 916
129 490
129 847
130 195
130 202
130 562
130 769
130 846
131 225
131 455
131 623
131 800
132 204
132 223
132 511
133 160
133 207
133 299
133 384
133 656
133 670
133 717
134 202
134 210
134 583
134 636
134 652
134 659
134 772
134 792
135 444
135 550
135 670
135 672
135 883
136 349
136 540
136 792
136 832
136 880
137 455
138 244
139 165
139 168
139 186
139 254
139 421
139 758
139 923
139 971
140 787
140 918
141 374
141 398
141 443
141 446
141 447
141 499
141 627
141 654
141 727
141 795
141 911
141 945
142 246
142 349
142 575
142 730
142 801
142 939
143 199
143 247
143 633
143 641
143 677
144 239
144 249
144 466
144 638
144 712
145 329
145 352
145 371
145 744
145 817
146 291
146 375
146 468
146 491
146 520
146 566
146 595
146 675
147 499
147 507
147 549
147 654
147 673
147 788
147 953
147 975
148 384
149 392
149 622
150 523
150 824
150 850
151 367
151 489
151 703
151 831
151 896
152 484
152 643
152 667
152 766
152 991
153 837
153 914
154 164
154 491
154 943
155 315
155 368
155 607
156 337
156 873
157 293
157 485
157 614
157 711
158 213
158 396
158 418
158 696
158 782
158 783
158 923
159 256
159 465
159 479
159 603
159 733
160 540
160 555
160 990
161 216
161 288
161 879
162 406
162 937
163 428
163 449
163 457
163 597
163 637
163 659
164 420
164 482
164 741
164 769
165 292
165 637
165 696
165 723
165 873
165 999
166 182
166 221
166 340
166 672
167 791
167 798
167 821
167 832
168 455
168 506
168 672
168 815
168 859
168 867
168 891
169 175
169 229
169 434
169 496
169 914
170 380
170 406
170 520
170 616
170 897
170 963
170 986
171 573
171 628
171 746
171 989
172 536
172 591
172 646
172 965
173 421
173 923
173 926
174 754
175 560
176 207
176 471
176 839
177 491
177 867
178 693
179 210
179 218
179 400
179 604
179 899
180 299
180 634
180 874
181 265
181 277
181 326
181 358
181 380
181 560
181 706
181 734
182 323
182 523
182 756
182 829
183 483
183 545
183 546
183 565
183 581
184 213
184 359
184 424
184 457
184 480
184 776
185 244
185 305
185 495
186 251
186 366
186 477
186 519
186 772
186 808
186 847
186 863
187 209
187 317
187 756
187 812
188 458
188 522
188 596
188 660
188 758
188 873
189 311
189 340
189 475
189 721
189 995
190 314
190 530
190 897
190 922
190 955
191 236
191 323
191 336
191 473
191 693
191 925
192 455
192 536
192 732
192 805
192 835
192 904
192 970
193 223
193 300
193 600
193 783
194 513
194 537
194 586
194 663
194 697
194 988
195 657
196 218
196 405
196 475
196 674
196 843
196 881
197 501
197 950
198 341
198 917
199 417
199 427
199 428
199 517
199 559
199 763
199 779
199 867
199 955
200 326
200 635
200 721
201 477
202 237
202 292
202 394
202 430
202 820
202 882
202 909
203 420
203 429
203 777
203 859
204 424
204 868
205 259
205 341
205 511
205 716
205 827
205 958
206 638
206 790
207 338
207 393
207 800
208 239
208 602
208 606
208 653
208 700
208 789
209 562
209 605
209 649
209 829
209 839
209 885
210 211
210 312
210 459
210 553
210 593
210 728
211 248
211 364
211 511
211 770
211 825
212 680
212 815
213 243
213 370
213 766
213 894
213 926
213 947
214 268
214 302
214 353
214 792
214 859
215 502
215 508
215 658
216 234
216 392
216 416
216 545
216 616
216 680
216 817
216 917
217 602
217 689
217 792
217 969
218 240
218 271
218 423
218 453
218 568
218 586
218 647
218 665
218 858
219 303
219 423
219 430
219 529
219 537
219 580
220 348
220 860
220 871
220 918
220 931
220 943
221 385
222 252
222 806
223 267
223 593
223 724
223 815
224 287
224 417
224 805
225 330
225 646
225 711
225 747
225 881
226 227
226 346
226 354
226 434
226 804
226 845
227 570
227 745
227 881
228 238
228 315
228 892
228 983
229 419
229 643
229 667
229 904
229 917
230 302
230 304
230 318
230 603
230 959
230 972
230 996
231 356
231 524
231 598
231 627
231 921
231 938
232 432
232 576
232 618
232 738
232 935
233 408
233 488
233 595
233 643
233 767
233 964
234 937
235 297
235 452
235 738
235 840
236 389
236 448
236 812
236 840
236 860
236 873
237 300
238 310
238 788
238 980
239 273
239 335
239 585
239 592
239 674
239 900
240 332
240 625
240 845
240 976
241 295
241 297
241 317
241 570
241 642
241 721
241 739
241 798
242 282
242 708
242 756
243 980
245 573
245 605
245 755
245 939
245 968
246 545
246 606
246 820
246 861
247 413
247 642
247 694
247 932
247 974
248 419
248 570
248 909
248 992
249 814
249 974
249 996
250 557
250 768
250 934
251 467
251 598
251 720
252 559
253 582
253 618
253 641
253 939
254 326
254 397
254 436
254 493
254 679
255 365
255 832
255 917
255 986
256 284
256 486
256 535
256 608
256 871
256 874
256 909
257 371
257 717
258 318
258 497
258 824
258 915
259 314
259 574
259 594
259 969
259 997
260 311
260 473
260 500
260 836
260 876
261 420
261 601
261 718
261 825
262 266
262 283
262 322
262 406
262 463
262 474
263 410
263 686
263 862
264 487
264 714
264 764
264 923
265 655
265 813
265 984
266 445
266 908
266 920
267 292
267 555
268 323
268 792
268 834
268 850
269 555
269 577
269 617
269 813
270 412
270 552
270 582
270 602
270 920
270 925
271 492
271 962
272 421
272 676
273 393
273 420
273 478
273 526
273 621
273 821
273 862
273 917
274 398
274 540
274 892
274 937
275 818
275 840
276 624
276 745
276 811
276 980
277 373
277 628
277 713
278 388
278 458
278 546
278 695
278 713
278 898
278 909
279 334
279 412
279 538
279 655
279 713
279 865
279 974
279 982
280 326
280 753
280 972
281 773
281 859
282 384
282 813
282 880
283 422
283 649
283 675
283 734
283 969
284 339
284 637
284 846
284 908
285 755
285 945
286 553
286 575
286 826
286 859
287 324
287 508
287 513
287 753
288 444
288 514
288 552
288 874
288 941
289 432
289 463
289 544
289 949
289 970
290 391
290 779
291 331
291 528
291 728
291 914
292 609
293 682
294 465
294 841
294 950
295 476
295 486
295 578
295 656
295 765
296 926
297 304
297 389
297 576
297 648
297 817
298 521
298 567
298 808
298 945
299 304
299 340
299 592
299 632
300 384
300 640
300 788
301 309
301 882
301 995
302 410
302 423
302 467
302 542
302 587
302 919
303 477
303 563
303 789
304 712
304 851
305 411
305 594
305 672
306 397
306 655
306 772
308 475
308 503
308 631
308 810
308 872
309 411
309 884
309 949
310 355
310 356
310 660
310 793
310 921
311 430
311 585
311 778
311 981
312 422
313 684
314 415
314 539
314 660
314 960
315 384
315 598
315 611
315 657
315 861
315 953
316 513
316 650
316 706
316 825
317 367
317 826
318 370
318 797
319 387
319 620
319 815
319 866
321 554
321 591
321 667
322 354
322 372
322 387
322 645
322 685
322 694
322 718
322 811
322 918
323 590
323 953
324 379
324 873
324 902
325 842
325 869
325 901
326 762
327 405
327 720
327 826
327 962
327 964
328 376
328 476
328 477
328 509
328 512
328 650
329 396
329 419
329 457
329 550
329 655
329 725
329 826
330 662
330 697
330 731
330 794
330 944
330 993
331 409
331 483
331 500
331 568
331 698
331 936
332 603
332 628
332 863
332 894
333 521
333 560
334 738
334 841
335 342
335 349
335 660
335 806
336 699
337 382
337 833
337 881
338 538
338 589
339 383
339 470
339 617
339 977
340 920
341 516
341 574
341 587
341 671
341 715
342 557
342 732
342 913
342 935
342 981
343 728
343 969
344 390
344 422
344 725
344 828
344 887
344 980
345 516
345 809
346 401
346 454
346 812
346 894
347 379
347 480
347 514
347 714
347 948
348 538
349 473
349 654
349 985
350 484
350 525
350 572
350 671
350 790
350 908
351 406
351 529
351 904
352 576
352 663
352 747
353 520
353 569
353 773
354 748
354 797
354 814
354 936
355 566
355 891
355 939
355 945
355 962
356 812
356 983
357 707
357 753
358 508
358 695
358 807
358 998
359 492
359 521
359 613
360 532
360 537
360 638
360 670
360 826
360 979
361 431
361 831
361 871
362 615
362 744
362 804
362 812
363 714
364 495
364 641
364 703
364 763
364 906
365 408
365 631
365 846
367 442
367 724
368 465
368 771
369 448
369 580
369 647
369 982
370 557
370 691
370 780
370 833
370 867
370 991
371 743
371 924
372 470
372 479
372 768
372 835
372 905
373 402
373 567
373 720
373 812
373 859
373 871
374 545
374 565
374 826
375 784
375 823
375 832
375 866
376 465
377 610
377 691
377 780
377 813
378 523
378 532
378 651
378 715
378 793
378 911
379 389
379 756
380 481
380 515
380 522
380 525
381 418
381 746
381 865
382 407
382 468
382 472
382 537
382 554
382 692
382 808
382 836
382 843
382 986
383 558
383 783
384 488
384 548
384 588
384 783
384 836
385 479
385 535
385 647
385 861
386 744
386 860
387 568
387 694
387 958
388 677
388 710
388 837
388 841
388 912
389 585
389 678
390 413
390 462
390 941
392 431
392 474
392 484
392 646
392 801
394 872
394 901
394 931
395 466
395 517
395 676
395 710
395 844
395 912
395 983
396 420
396 630
396 681
396 756
396 947
396 967
397 590
397 840
398 647
398 949
398 971
399 589
399 602
399 661
399 831
400 412
400 944
401 409
401 457
401 501
401 708
401 864
402 652
403 417
403 467
403 508
403 794
404 732
404 767
404 954
405 423
405 668
405 831
405 890
405 924
406 409
406 727
406 793
407 440
407 565
407 602
408 421
408 496
408 790
409 608
410 439
410 682
410 737
410 864
410 945
410 969
411 508
411 529
411 652
411 705
411 854
412 573
412 617
412 634
412 700
412 844
412 865
414 475
414 695
414 815
415 817
416 743
417 562
417 821
418 499
418 688
418 798
418 867
419 460
419 488
419 905
419 976
420 425
420 493
421 461
421 657
422 954
423 511
423 710
423 828
424 586
425 474
425 533
425 642
425 758
425 801
425 886
428 687
428 975
429 624
429 656
430 628
430 915
431 719
431 895
434 519
436 515
436 717
436 856
437 823
438 487
438 980
439 490
439 812
439 940
440 668
440 809
441 514
441 583
442 564
442 568
442 592
442 677
442 697
442 723
442 736
442 767
442 963
442 998
443 550
443 956
444 735
445 560
445 641
445 727
445 913
446 871
447 539
447 553
447 579
447 776
447 854
447 973
448 725
448 747
449 534
449 733
449 820
450 959
451 579
451 876
452 673
452 736
452 945
453 462
453 477
454 928
455 795
455 867
456 494
456 864
456 934
457 495
457 528
457 577
457 679
457 982
458 543
458 730
459 656
459 689
461 625
461 655
461 697
461 949
462 554
462 629
462 640
462 665
462 939
463 763
463 789
464 559
464 727
465 783
465 830
467 480
467 645
467 792
467 828
467 867
467 953
467 967
468 743
468 977
469 526
469 537
469 623
469 625
469 645
469 711
470 503
470 734
470 829
470 897
471 489
471 565
471 844
471 975
472 491
472 574
472 856
472 915
473 612
473 665
474 836
474 935
474 949
474 982
476 505
476 788
476 816
477 602
478 846
478 865
479 542
479 805
480 693
480 788
480 790
480 928
480 975
481 734
482 750
482 846
483 532
483 894
484 499
484 596
484 708
484 794
484 816
485 734
485 956
486 926
486 970
487 562
487 699
488 528
488 629
488 936
489 830
491 883
493 643
493 762
493 827
494 557
494 760
494 859
494 928
495 811
495 897
495 941
496 794
497 736
497 759
497 824
497 987
498 781
500 526
500 624
500 651
500 934
501 990
502 621
502 758
502 815
502 849
502 905
503 739
503 958
503 974
503 983
503 999
504 570
504 587
505 970
506 740
506 782
506 804
506 832
506 945
506 996
507 612
507 671
507 953
508 547
508 632
508 661
508 743
508 866
509 516
509 552
509 778
510 517
510 666
510 753
511 683
511 935
512 533
512 568
512 994
513 556
513 734
513 988
514 622
514 674
514 899
515 618
515 708
515 785
515 880
516 532
516 533
516 599
516 801
516 831
517 644
517 646
517 762
517 827
517 917
517 928
518 566
518 603
518 811
520 619
521 552
522 620
522 691
522 732
522 780
522 806
523 576
523 693
524 587
524 945
525 604
525 724
525 779
526 527
526 952
527 612
527 711
527 724
527 906
528 625
528 642
528 922
529 833
530 606
530 728
531 593
531 765
531 812
531 841
531 970
532 781
532 789
532 816
533 586
533 842
534 560
534 621
534 648
534 820
535 560
535 822
536 699
536 781
537 543
537 607
537 871
538 841
539 608
540 773
540 786
541 862
542 931
543 616
543 649
543 946
544 767
544 811
544 845
545 683
546 675
547 583
547 601
547 772
547 832
548 588
548 697
549 951
550 577
550 776
551 858
551 873
552 748
552 795
552 892
553 659
554 720
555 617
555 759
555 995
556 831
556 944
557 648
558 606
558 666
559 896
559 999
560 653
560 918
560 935
561 613
561 903
561 969
562 695
562 889
562 974
562 996
564 731
564 767
564 783
564 912
565 584
565 692
565 746
565 904
566 584
566 649
566 999
567 661
567 701
567 984
568 683
568 974
569 670
569 780
570 639
570 775
571 702
571 947
572 669
572 732
572 929
572 935
574 600
574 712
574 718
574 745
574 849
575 756
575 769
575 845
577 868
579 707
579 829
581 588
581 698
582 642
582 666
582 670
582 919
582 946
583 637
583 988
584 971
585 661
585 802
586 889
587 678
588 771
588 780
589 778
589 847
591 653
592 871
593 711
593 779
593 791
593 846
594 955
595 628
595 976
596 628
596 820
596 948
597 842
598 704
598 899
599 615
599 754
599 770
599 790
601 710
601 860
602 868
602 876
603 914
603 980
604 779
605 767
605 841
607 751
607 909
609 634
609 721
609 881
611 665
612 636
612 648
612 700
613 879
613 969
614 700
614 862
615 735
615 953
615 955
617 725
617 928
618 696
618 907
618 960
619 707
620 683
620 980
622 649
622 675
623 719
623 971
623 994
624 665
624 695
624 803
625 913
626 826
626 936
626 977
627 717
627 818
629 778
630 710
630 926
630 944
631 753
632 633
632 656
632 908
632 938
633 649
633 850
633 874
634 679
634 751
634 811
634 827
635 648
635 860
637 705
637 988
638 765
639 862
639 957
640 843
640 849
641 662
641 819
642 766
643 751
643 810
643 848
643 924
644 664
644 763
645 882
645 921
646 692
647 852
647 926
648 702
648 795
648 917
648 920
648 977
650 905
651 683
651 857
652 819
653 688
653 949
655 689
655 875
655 965
658 947
658 968
658 993
659 747
659 907
660 814
660 886
660 987
661 790
661 916
661 956
663 769
663 774
663 894
665 896
665 997
666 739
666 848
667 829
667 879
667 958
668 831
669 735
669 800
669 920
670 684
670 685
670 764
670 842
670 955
671 873
671 881
672 825
673 883
673 933
673 994
674 978
674 989
675 739
675 934
675 987
677 982
677 989
679 906
680 742
680 789
681 759
681 762
681 988
683 845
683 878
683 884
683 910
684 890
684 919
684 947
685 816
685 894
686 725
687 920
687 982
690 699
690 809
690 964
692 752
692 867
692 987
693 731
693 849
695 727
696 700
696 723
696 837
696 842
697 761
698 706
699 711
699 917
700 969
701 955
702 953
703 749
705 883
706 985
706 994
707 714
707 920
708 712
709 746
709 835
710 796
710 871
710 922
710 986
711 773
712 741
712 947
713 960
714 951
714 960
715 744
717 724
720 805
720 868
720 894
720 986
721 823
721 923
721 945
721 953
724 746
725 915
725 959
726 871
726 912
726 963
727 744
727 764
727 885
728 735
728 943
729 949
730 737
731 811
733 817
736 941
736 974
737 913
737 917
737 994
741 813
741 895
744 755
744 756
744 796
745 982
746 781
746 840
746 869
746 901
746 933
748 757
748 799
748 842
750 875
750 979
753 816
755 823
755 891
756 785
756 882
756 897
756 951
757 889
757 968
758 877
758 898
759 829
759 899
759 956
760 835
762 861
762 981
763 859
763 898
764 783
764 912
764 973
767 806
767 838
767 879
770 771
770 869
771 804
776 921
776 943
776 947
780 955
781 842
781 889
781 912
783 797
783 913
784 990
786 796
786 984
788 962
789 851
789 905
790 808
790 814
790 892
793 877
795 848
796 937
796 988
798 909
798 974
799 877
799 886
801 857
801 987
804 838
805 898
805 928
806 845
807 951
809 861
809 970
810 918
810 933
811 845
812 853
812 942
812 975
814 925
814 952
815 953
816 833
816 992
817 901
817 954
818 871
819 913
820 833
821 887
822 860
823 903
823 906
823 972
825 928
826 841
827 926
830 898
830 980
831 866
831 993
832 862
832 898
834 865
835 994
838 869
838 893
838 999
839 843
839 890
843 934
846 859
849 879
850 960
853 919
855 914
858 916
860 974
863 978
863 983
866 957
868 921
869 957
876 973
878 960
880 936
880 966
880 986
882 975
882 977
884 910
884 981
885 992
889 971
892 896
895 943
896 912
897 899
897 915
901 949
902 986
905 961
909 959
909 968
914 947
917 928
917 967
929 937
932 988
933 974
935 941
947 990
949 969
950 998
956 988
963 994
965 967
975 995
